Project3/test/maps/catabaw.asc
ncols        63
nrows        25
xllcorner    -80.508333333333
yllcorner    37.158333333333
cellsize     0.016666666667
 682 688 731 771 799 756 770 786 771 791 937 1034 910 714 616 641 791 789 973 1004 885 757 570 527 655 576 472 462 415 376 369 403 509 670 604 672 523 494 455 376 323 390 426 400 338 322 291 370 587 649 374 353 298 278 334 474 500 466 454 328 339 441 559
 676 744 786 837 800 753 740 779 909 966 846 692 628 688 772 734 750 900 948 719 591 541 516 543 576 511 434 402 394 376 415 467 604 535 512 466 438 412 359 342 331 382 410 346 331 309 282 341 556 569 325 292 264 300 469 458 579 605 638 496 551 808 940
 726 786 771 784 782 802 860 950 863 708 655 701 783 820 947 962 920 804 631 551 518 531 660 678 597 451 398 391 399 427 537 689 671 482 409 389 357 346 335 325 351 402 380 375 372 322 297 278 429 323 276 354 392 389 456 451 521 604 710 854 1062 927 719
 760 740 777 842 913 920 816 701 680 707 758 868 893 996 922 760 638 569 530 512 496 586 597 486 436 406 406 437 479 603 752 676 488 425 384 356 338 333 346 341 411 398 389 361 337 318 309 288 268 323 383 517 433 387 438 533 691 729 825 1076 1077 922 824
 814 897 1005 958 821 742 687 743 818 931 922 948 866 741 662 557 519 508 525 523 546 553 501 420 401 415 452 539 681 707 616 465 411 384 364 344 369 382 364 372 395 374 352 337 317 319 305 296 339 405 512 625 476 425 453 702 826 928 954 1021 847 675 522
 1098 1058 910 787 709 681 736 908 1020 964 826 710 645 590 532 531 586 639 672 726 733 720 721 516 413 447 504 604 675 660 448 413 400 378 383 398 407 399 411 411 396 371 346 333 339 319 324 359 465 607 666 636 517 540 534 812 909 976 736 689 543 409 396
 1081 1053 901 750 727 740 836 865 774 714 736 634 556 559 637 724 781 790 779 764 775 771 858 531 423 510 564 535 704 496 420 422 399 418 441 443 431 423 418 396 382 366 354 366 365 360 388 495 577 455 397 469 652 786 627 747 663 703 595 453 501 388 306
 944 929 911 912 875 804 701 642 646 696 572 582 684 777 794 783 799 818 827 860 882 803 646 453 460 500 503 645 589 459 558 515 435 445 428 432 433 435 414 392 385 394 389 372 388 497 603 594 439 356 334 439 729 840 828 948 687 470 517 536 523 352 272
 950 1002 1070 960 767 635 608 588 614 585 672 782 801 772 762 792 896 949 939 846 690 527 445 443 470 534 717 669 521 490 721 644 542 420 403 407 423 432 419 425 442 439 428 428 536 626 531 397 340 314 372 572 532 744 852 560 420 386 437 377 355 277 260
 1164 1112 922 735 658 645 609 574 620 731 812 751 739 748 793 885 783 664 584 521 469 451 474 517 653 753 645 551 516 499 608 459 463 526 416 404 424 433 463 547 573 607 606 611 596 468 372 332 302 404 550 516 412 508 557 435 338 315 300 278 270 261 252
 1144 936 700 640 623 630 665 692 789 784 739 733 765 847 860 682 535 483 478 531 513 513 638 720 675 563 537 587 636 575 517 400 406 379 468 377 401 451 600 671 576 555 524 519 437 361 337 313 297 451 609 538 364 338 322 327 292 283 286 260 262 251 250
 1071 784 705 782 865 903 840 814 740 718 725 821 901 779 604 511 498 508 602 609 665 622 670 566 549 516 521 640 650 516 462 576 460 371 507 424 378 434 486 467 452 417 409 506 490 353 303 297 291 426 613 485 343 314 311 305 296 287 270 262 255 267 245
 897 822 888 978 1029 831 710 705 707 736 875 824 641 542 511 577 721 745 654 678 746 607 574 555 461 430 405 390 417 501 553 452 385 353 414 378 363 411 492 387 391 373 408 634 613 459 400 340 302 348 365 327 322 341 311 300 299 282 274 265 260 262 272
 837 744 701 842 929 720 674 702 793 865 745 582 532 547 646 780 729 666 690 675 633 596 551 504 609 654 656 438 546 484 421 386 340 329 337 368 459 397 391 347 349 362 452 516 545 598 624 599 379 292 290 287 301 291 300 298 281 277 275 280 278 265 257
 668 662 768 770 672 706 797 827 721 606 567 584 666 759 768 675 647 647 654 639 612 577 630 724 719 688 658 454 400 375 369 355 337 322 325 406 516 362 326 345 446 562 568 430 421 460 438 403 322 293 284 275 317 285 282 292 308 290 291 299 278 264 245
 607 689 697 670 752 716 653 637 674 725 753 799 756 695 657 613 656 618 579 606 708 828 752 614 476 441 414 380 351 340 342 336 341 330 312 341 347 325 322 492 593 615 633 553 398 343 317 310 319 284 275 361 473 301 269 287 313 333 321 301 287 271 253
 616 644 726 754 685 728 778 748 710 700 651 659 638 589 650 694 545 486 596 783 818 656 491 413 399 395 347 345 328 337 329 330 323 324 308 303 313 310 409 482 534 538 407 380 336 321 371 345 327 292 306 282 318 282 264 283 293 303 305 289 269 259 240
 728 735 710 727 737 698 718 661 639 627 652 597 539 695 709 498 462 558 739 712 518 421 373 342 329 329 321 315 319 332 318 311 309 301 291 287 289 329 341 375 355 423 346 319 319 301 330 318 377 310 285 273 263 263 265 264 276 306 293 277 252 237 229
 694 675 768 703 637 646 658 656 620 570 548 534 590 594 481 440 546 729 643 486 415 376 343 363 403 420 367 341 317 312 307 312 304 296 291 288 303 321 336 366 322 308 312 310 302 290 297 313 378 294 285 282 279 268 267 254 283 305 278 255 243 233 230
 761 734 672 608 627 660 660 602 536 492 619 677 503 430 427 491 609 493 449 410 382 381 367 410 459 629 478 377 353 335 327 332 316 304 379 302 328 328 318 331 321 306 287 295 288 292 308 313 326 331 320 302 293 292 277 254 264 274 269 249 238 257 262
 617 603 594 616 629 636 674 617 491 567 791 631 452 435 404 416 429 401 393 405 425 461 463 583 610 681 607 508 394 342 348 346 367 415 353 338 332 321 298 291 305 302 287 277 281 287 293 318 331 304 296 278 283 291 278 250 250 270 279 274 265 264 276
 599 602 611 622 619 637 658 619 479 506 624 683 599 433 512 517 428 435 495 470 513 715 636 735 592 524 493 493 419 366 377 394 410 419 475 333 310 317 326 301 290 310 279 277 284 290 298 304 293 302 294 283 263 265 260 236 256 252 271 280 273 280 277
 593 606 624 631 637 644 640 624 492 511 599 539 485 495 546 498 409 485 555 744 832 974 852 585 524 489 438 421 412 398 374 428 467 399 424 326 378 450 391 471 378 336 293 276 269 284 266 273 295 311 293 278 267 264 258 241 234 239 259 253 261 259 269
 605 651 675 672 640 636 614 592 498 496 537 548 551 541 534 467 428 547 679 938 1102 984 875 714 543 587 549 520 615 497 392 404 374 355 326 383 500 506 425 443 325 299 308 295 278 279 282 261 284 298 295 292 282 278 256 248 245 229 238 237 239 241 241
 600 598 603 620 623 627 592 544 555 538 559 572 552 533 498 441 504 593 887 993 1020 935 841 816 816 846 832 806 694 602 484 390 369 357 399 504 406 370 342 335 319 333 332 315 297 306 285 264 261 275 271 283 290 273 261 274 262 244 234 224 218 216 237
