Project3/test/maps/christiansburg_larger.asc
ncols        37
nrows        16
xllcorner    -80.675000000000
yllcorner    37.008333333333
cellsize     0.016666666667
 632 633 645 625 602 630 674 724 746 733 694 675 768 703 637 646 658 656 620 570 548 534 590 594 481 440 546 729 643 486 415 376 343 363 403 420 367
 631 690 652 594 646 702 699 675 656 703 761 734 672 608 627 660 660 602 536 492 619 677 503 430 427 491 609 493 449 410 382 381 367 410 459 629 478
 706 728 687 575 587 658 668 629 594 602 617 603 594 616 629 636 674 617 491 567 791 631 452 435 404 416 429 401 393 405 425 461 463 583 610 681 607
 679 651 646 570 589 587 575 556 555 580 599 602 611 622 619 637 658 619 479 506 624 683 599 433 512 517 428 435 495 470 513 715 636 735 592 524 493
 686 614 571 541 539 549 526 535 535 538 593 606 624 631 637 644 640 624 492 511 599 539 485 495 546 498 409 485 555 744 832 974 852 585 524 489 438
 587 566 568 562 550 553 558 542 547 571 605 651 675 672 640 636 614 592 498 496 537 548 551 541 534 467 428 547 679 938 1102 984 875 714 543 587 549
 586 578 582 596 589 582 559 564 597 608 600 598 603 620 623 627 592 544 555 538 559 572 552 533 498 441 504 593 887 993 1020 935 841 816 816 846 832
 608 609 605 601 600 580 557 554 547 580 591 607 603 599 617 635 626 604 614 613 606 610 585 569 477 521 584 697 931 939 871 834 814 831 857 785 718
 620 610 601 585 583 555 566 571 560 583 590 605 635 632 633 637 646 656 660 646 620 617 592 548 470 547 577 678 791 807 820 821 814 848 781 549 543
 628 618 604 601 566 573 597 602 600 614 635 643 647 660 667 665 668 668 654 633 616 566 548 534 487 523 567 578 635 751 818 843 831 841 756 575 484
 635 619 614 592 579 560 614 619 629 644 635 629 628 646 635 646 658 634 630 608 558 629 639 566 524 494 518 554 677 770 792 809 836 888 738 651 513
 632 621 605 589 588 569 600 607 613 620 615 624 637 631 617 616 610 622 699 717 705 722 779 733 646 707 694 678 631 686 748 808 849 863 709 600 570
 606 590 586 573 574 600 601 574 591 606 608 630 625 623 629 620 611 647 787 764 741 758 756 749 748 765 718 703 720 728 837 828 817 845 704 512 435
 580 615 581 584 611 625 591 572 610 620 614 617 624 642 646 671 721 741 711 709 723 737 755 774 796 798 754 793 807 816 815 820 801 810 641 455 435
 587 613 627 630 637 621 600 583 594 618 660 723 692 696 714 730 691 694 700 735 770 776 795 820 807 809 806 820 803 805 792 806 787 801 641 450 409
 619 628 641 647 654 651 643 625 605 628 678 707 685 666 671 669 673 706 733 735 738 774 799 811 812 781 790 826 792 781 779 787 791 802 632 456 405
