ECE1574/Project3/test/maps/blacksburg_christiansburg.asc
ncols        79
nrows        31
xllcorner    -81.008333333333
yllcorner    36.925000000000
cellsize     0.016666666667
 746 766 790 688 608 622 672 613 554 537 626 617 597 604 591 597 589 589 602 671 697 798 1018 1076 1003 950 877 832 863 898 950 1002 1070 960 767 635 608 588 614 585 672 782 801 772 762 792 896 949 939 846 690 527 445 443 470 534 717 669 521 490 721 644 542 420 403 407 423 432 419 425 442 439 428 428 536 626 531 397 340
 753 772 808 699 709 756 775 673 547 557 627 632 569 587 573 585 614 662 641 724 879 918 853 825 809 801 819 905 1035 1126 1164 1112 922 735 658 645 609 574 620 731 812 751 739 748 793 885 783 664 584 521 469 451 474 517 653 753 645 551 516 499 608 459 463 526 416 404 424 433 463 547 573 607 606 611 596 468 372 332 302
 783 799 788 791 826 806 759 634 575 529 610 560 512 554 583 647 662 745 884 943 789 726 820 927 1009 1015 1061 1058 1079 1106 1144 936 700 640 623 630 665 692 789 784 739 733 765 847 860 682 535 483 478 531 513 513 638 720 675 563 537 587 636 575 517 400 406 379 468 377 401 451 600 671 576 555 524 519 437 361 337 313 297
 805 797 780 838 881 814 706 607 506 542 505 521 576 611 710 843 898 912 863 768 646 788 989 1110 1135 1009 968 1023 1093 1142 1071 784 705 782 865 903 840 814 740 718 725 821 901 779 604 511 498 508 602 609 665 622 670 566 549 516 521 640 650 516 462 576 460 371 507 424 378 434 486 467 452 417 409 506 490 353 303 297 291
 757 707 745 748 828 782 659 570 512 559 597 531 737 866 813 754 700 682 600 574 621 862 1107 1172 1110 979 1061 1190 1205 1197 897 822 888 978 1029 831 710 705 707 736 875 824 641 542 511 577 721 745 654 678 746 607 574 555 461 430 405 390 417 501 553 452 385 353 414 378 363 411 492 387 391 373 408 634 613 459 400 340 302
 743 667 628 668 671 587 570 586 689 813 801 605 659 585 522 545 554 547 542 542 640 688 740 750 780 956 961 1066 1212 1020 837 744 701 842 929 720 674 702 793 865 745 582 532 547 646 780 729 666 690 675 633 596 551 504 609 654 656 438 546 484 421 386 340 329 337 368 459 397 391 347 349 362 452 516 545 598 624 599 379
 703 656 622 591 639 645 686 866 916 727 601 516 516 565 602 561 538 571 574 546 567 625 594 662 680 704 800 997 906 754 668 662 768 770 672 706 797 827 721 606 567 584 666 759 768 675 647 647 654 639 612 577 630 724 719 688 658 454 400 375 369 355 337 322 325 406 516 362 326 345 446 562 568 430 421 460 438 403 322
 648 687 693 684 719 792 918 845 687 558 534 628 692 833 995 857 600 594 564 540 551 543 539 567 600 621 647 671 652 622 607 689 697 670 752 716 653 637 674 725 753 799 756 695 657 613 656 618 579 606 708 828 752 614 476 441 414 380 351 340 342 336 341 330 312 341 347 325 322 492 593 615 633 553 398 343 317 310 319
 957 1044 891 876 898 822 687 580 553 565 626 833 918 977 938 729 617 590 555 595 596 579 545 538 562 573 579 616 658 679 616 644 726 754 685 728 778 748 710 700 651 659 638 589 650 694 545 486 596 783 818 656 491 413 399 395 347 345 328 337 329 330 323 324 308 303 313 310 409 482 534 538 407 380 336 321 371 345 327
 1035 1074 931 848 668 579 588 653 743 859 932 1022 970 771 669 635 617 594 556 586 601 625 582 541 640 732 769 782 741 720 728 735 710 727 737 698 718 661 639 627 652 597 539 695 709 498 462 558 739 712 518 421 373 342 329 329 321 315 319 332 318 311 309 301 291 287 289 329 341 375 355 423 346 319 319 301 330 318 377
 814 718 673 649 724 837 932 992 1015 1041 1093 859 734 677 641 604 580 555 559 578 632 633 645 625 602 630 674 724 746 733 694 675 768 703 637 646 658 656 620 570 548 534 590 594 481 440 546 729 643 486 415 376 343 363 403 420 367 341 317 312 307 312 304 296 291 288 303 321 336 366 322 308 312 310 302 290 297 313 378
 796 826 850 901 945 909 931 941 1062 1096 996 879 750 689 648 647 623 586 582 600 631 690 652 594 646 702 699 675 656 703 761 734 672 608 627 660 660 602 536 492 619 677 503 430 427 491 609 493 449 410 382 381 367 410 459 629 478 377 353 335 327 332 316 304 379 302 328 328 318 331 321 306 287 295 288 292 308 313 326
 772 735 723 722 786 867 964 1045 1006 926 917 997 1047 894 752 618 603 560 584 638 706 728 687 575 587 658 668 629 594 602 617 603 594 616 629 636 674 617 491 567 791 631 452 435 404 416 429 401 393 405 425 461 463 583 610 681 607 508 394 342 348 346 367 415 353 338 332 321 298 291 305 302 287 277 281 287 293 318 331
 723 701 682 755 827 880 886 866 794 784 823 825 756 709 658 603 575 607 707 751 679 651 646 570 589 587 575 556 555 580 599 602 611 622 619 637 658 619 479 506 624 683 599 433 512 517 428 435 495 470 513 715 636 735 592 524 493 493 419 366 377 394 410 419 475 333 310 317 326 301 290 310 279 277 284 290 298 304 293
 707 690 679 763 847 819 798 772 845 797 653 622 611 637 699 704 634 694 687 708 686 614 571 541 539 549 526 535 535 538 593 606 624 631 637 644 640 624 492 511 599 539 485 495 546 498 409 485 555 744 832 974 852 585 524 489 438 421 412 398 374 428 467 399 424 326 378 450 391 471 378 336 293 276 269 284 266 273 295
 689 662 654 681 702 697 724 764 709 659 625 693 827 829 716 629 678 694 672 626 587 566 568 562 550 553 558 542 547 571 605 651 675 672 640 636 614 592 498 496 537 548 551 541 534 467 428 547 679 938 1102 984 875 714 543 587 549 520 615 497 392 404 374 355 326 383 500 506 425 443 325 299 308 295 278 279 282 261 284
 717 740 699 666 683 699 670 648 659 642 747 845 709 628 683 748 680 624 602 599 586 578 582 596 589 582 559 564 597 608 600 598 603 620 623 627 592 544 555 538 559 572 552 533 498 441 504 593 887 993 1020 935 841 816 816 846 832 806 694 602 484 390 369 357 399 504 406 370 342 335 319 333 332 315 297 306 285 264 261
 816 769 714 743 713 682 676 671 731 802 732 657 714 758 710 643 618 600 607 613 608 609 605 601 600 580 557 554 547 580 591 607 603 599 617 635 626 604 614 613 606 610 585 569 477 521 584 697 931 939 871 834 814 831 857 785 718 761 648 484 459 401 406 482 486 425 380 353 337 328 328 342 336 328 319 301 284 265 256
 737 699 697 692 703 730 745 836 769 666 742 774 701 650 629 626 619 624 632 632 620 610 601 585 583 555 566 571 560 583 590 605 635 632 633 637 646 656 660 646 620 617 592 548 470 547 577 678 791 807 820 821 814 848 781 549 543 680 695 603 525 433 441 503 457 369 369 359 357 346 332 319 310 308 308 299 284 279 285
 716 781 858 894 907 939 830 697 699 777 707 663 650 644 646 640 644 654 650 633 628 618 604 601 566 573 597 602 600 614 635 643 647 660 667 665 668 668 654 633 616 566 548 534 487 523 567 578 635 751 818 843 831 841 756 575 484 523 720 853 767 646 435 371 360 347 333 338 334 329 329 326 308 295 296 286 288 302 284
 947 1000 932 794 744 706 666 726 799 689 648 635 643 652 638 623 636 638 648 644 635 619 614 592 579 560 614 619 629 644 635 629 628 646 635 646 658 634 630 608 558 629 639 566 524 494 518 554 677 770 792 809 836 888 738 651 513 430 518 545 525 440 402 391 385 366 360 335 319 304 307 331 328 317 306 298 275 293 297
 972 852 781 734 691 708 729 816 727 665 681 686 654 661 637 614 621 630 638 640 632 621 605 589 588 569 600 607 613 620 615 624 637 631 617 616 610 622 699 717 705 722 779 733 646 707 694 678 631 686 748 808 849 863 709 600 570 427 412 458 405 383 378 365 373 400 370 339 328 322 305 309 305 303 302 312 291 272 269
 770 734 750 798 824 815 782 734 717 730 756 731 649 644 619 616 605 617 619 618 606 590 586 573 574 600 601 574 591 606 608 630 625 623 629 620 611 647 787 764 741 758 756 749 748 765 718 703 720 728 837 828 817 845 704 512 435 399 394 421 450 409 373 356 347 345 348 357 343 323 294 285 281 276 280 283 271 299 282
 850 867 844 840 736 760 752 709 686 751 726 672 632 602 598 599 598 591 599 597 580 615 581 584 611 625 591 572 610 620 614 617 624 642 646 671 721 741 711 709 723 737 755 774 796 798 754 793 807 816 815 820 801 810 641 455 435 392 386 399 404 386 371 354 346 331 332 323 319 302 295 297 309 302 289 275 268 269 263
 795 825 854 855 722 732 734 745 735 692 671 658 686 677 708 729 656 628 624 601 587 613 627 630 637 621 600 583 594 618 660 723 692 696 714 730 691 694 700 735 770 776 795 820 807 809 806 820 803 805 792 806 787 801 641 450 409 411 376 379 370 369 362 350 342 334 358 367 327 314 299 324 334 311 310 283 259 254 260
 806 781 752 735 766 766 745 712 716 751 741 714 754 735 732 792 664 647 625 589 619 628 641 647 654 651 643 625 605 628 678 707 685 666 671 669 673 706 733 735 738 774 799 811 812 781 790 826 792 781 779 787 791 802 632 456 405 389 372 379 388 380 353 353 357 379 422 374 348 335 324 334 339 334 306 300 270 268 274
 782 775 727 705 689 672 691 712 750 769 760 726 683 671 661 634 626 614 603 607 645 744 798 747 739 717 731 658 601 631 660 666 658 689 686 671 696 673 716 742 760 769 770 765 778 759 762 797 793 762 765 774 794 713 529 467 426 407 399 423 436 414 389 396 429 388 345 347 327 313 299 304 327 322 322 288 275 294 294
 665 668 658 653 648 675 700 771 768 716 678 684 660 648 630 610 597 596 646 655 763 765 839 867 799 781 736 733 702 670 672 667 701 731 744 742 717 679 724 739 715 706 723 732 749 739 740 771 784 753 771 801 770 647 505 448 434 421 430 419 407 412 402 385 362 349 337 321 326 324 336 301 292 288 308 303 305 308 269
 632 627 632 628 674 684 787 797 783 670 650 638 637 642 650 616 612 626 724 710 695 777 853 901 869 808 813 815 723 685 716 709 736 768 811 771 736 708 687 678 693 695 710 704 713 730 724 739 764 750 771 782 766 615 495 475 436 410 397 424 401 376 374 355 353 342 327 354 353 332 314 298 296 280 282 289 281 280 254
 666 661 664 651 631 639 643 656 657 640 634 635 631 632 643 639 614 675 802 773 803 788 819 866 902 872 790 769 728 700 777 793 806 821 766 745 735 722 728 708 700 727 695 712 722 738 745 726 740 773 801 784 648 581 511 485 458 424 417 418 436 438 386 373 359 340 348 360 347 338 321 292 278 268 281 281 274 255 259
 719 700 703 688 655 646 624 626 625 611 614 623 626 620 634 611 620 731 818 910 929 926 910 874 844 822 809 771 763 740 758 789 805 834 865 888 840 807 737 711 699 736 726 719 735 756 769 747 753 733 720 662 489 436 462 521 472 437 463 444 410 388 368 356 361 369 362 348 328 332 316 305 304 290 276 264 257 261 284
