ECE1574/Project3/test/maps/blacksburg_larger.asc
ncols        55
nrows        17
xllcorner    -80.891666666667
yllcorner    37.075000000000
cellsize     0.016666666667
 586 689 813 801 605 659 585 522 545 554 547 542 542 640 688 740 750 780 956 961 1066 1212 1020 837 744 701 842 929 720 674 702 793 865 745 582 532 547 646 780 729 666 690 675 633 596 551 504 609 654 656 438 546 484 421 386
 866 916 727 601 516 516 565 602 561 538 571 574 546 567 625 594 662 680 704 800 997 906 754 668 662 768 770 672 706 797 827 721 606 567 584 666 759 768 675 647 647 654 639 612 577 630 724 719 688 658 454 400 375 369 355
 845 687 558 534 628 692 833 995 857 600 594 564 540 551 543 539 567 600 621 647 671 652 622 607 689 697 670 752 716 653 637 674 725 753 799 756 695 657 613 656 618 579 606 708 828 752 614 476 441 414 380 351 340 342 336
 580 553 565 626 833 918 977 938 729 617 590 555 595 596 579 545 538 562 573 579 616 658 679 616 644 726 754 685 728 778 748 710 700 651 659 638 589 650 694 545 486 596 783 818 656 491 413 399 395 347 345 328 337 329 330
 653 743 859 932 1022 970 771 669 635 617 594 556 586 601 625 582 541 640 732 769 782 741 720 728 735 710 727 737 698 718 661 639 627 652 597 539 695 709 498 462 558 739 712 518 421 373 342 329 329 321 315 319 332 318 311
 992 1015 1041 1093 859 734 677 641 604 580 555 559 578 632 633 645 625 602 630 674 724 746 733 694 675 768 703 637 646 658 656 620 570 548 534 590 594 481 440 546 729 643 486 415 376 343 363 403 420 367 341 317 312 307 312
 941 1062 1096 996 879 750 689 648 647 623 586 582 600 631 690 652 594 646 702 699 675 656 703 761 734 672 608 627 660 660 602 536 492 619 677 503 430 427 491 609 493 449 410 382 381 367 410 459 629 478 377 353 335 327 332
 1045 1006 926 917 997 1047 894 752 618 603 560 584 638 706 728 687 575 587 658 668 629 594 602 617 603 594 616 629 636 674 617 491 567 791 631 452 435 404 416 429 401 393 405 425 461 463 583 610 681 607 508 394 342 348 346
 866 794 784 823 825 756 709 658 603 575 607 707 751 679 651 646 570 589 587 575 556 555 580 599 602 611 622 619 637 658 619 479 506 624 683 599 433 512 517 428 435 495 470 513 715 636 735 592 524 493 493 419 366 377 394
 772 845 797 653 622 611 637 699 704 634 694 687 708 686 614 571 541 539 549 526 535 535 538 593 606 624 631 637 644 640 624 492 511 599 539 485 495 546 498 409 485 555 744 832 974 852 585 524 489 438 421 412 398 374 428
 764 709 659 625 693 827 829 716 629 678 694 672 626 587 566 568 562 550 553 558 542 547 571 605 651 675 672 640 636 614 592 498 496 537 548 551 541 534 467 428 547 679 938 1102 984 875 714 543 587 549 520 615 497 392 404
 648 659 642 747 845 709 628 683 748 680 624 602 599 586 578 582 596 589 582 559 564 597 608 600 598 603 620 623 627 592 544 555 538 559 572 552 533 498 441 504 593 887 993 1020 935 841 816 816 846 832 806 694 602 484 390
 671 731 802 732 657 714 758 710 643 618 600 607 613 608 609 605 601 600 580 557 554 547 580 591 607 603 599 617 635 626 604 614 613 606 610 585 569 477 521 584 697 931 939 871 834 814 831 857 785 718 761 648 484 459 401
 836 769 666 742 774 701 650 629 626 619 624 632 632 620 610 601 585 583 555 566 571 560 583 590 605 635 632 633 637 646 656 660 646 620 617 592 548 470 547 577 678 791 807 820 821 814 848 781 549 543 680 695 603 525 433
 697 699 777 707 663 650 644 646 640 644 654 650 633 628 618 604 601 566 573 597 602 600 614 635 643 647 660 667 665 668 668 654 633 616 566 548 534 487 523 567 578 635 751 818 843 831 841 756 575 484 523 720 853 767 646
 726 799 689 648 635 643 652 638 623 636 638 648 644 635 619 614 592 579 560 614 619 629 644 635 629 628 646 635 646 658 634 630 608 558 629 639 566 524 494 518 554 677 770 792 809 836 888 738 651 513 430 518 545 525 440
 816 727 665 681 686 654 661 637 614 621 630 638 640 632 621 605 589 588 569 600 607 613 620 615 624 637 631 617 616 610 622 699 717 705 722 779 733 646 707 694 678 631 686 748 808 849 863 709 600 570 427 412 458 405 383
