ECE1574/Project3/test/maps/blacksburg.asc
ncols        27
nrows        13
xllcorner    -80.625000000000
yllcorner    37.125000000000
cellsize     0.016666666667
 662 680 704 800 997 906 754 668 662 768 770 672 706 797 827 721 606 567 584 666 759 768 675 647 647 654 639
 567 600 621 647 671 652 622 607 689 697 670 752 716 653 637 674 725 753 799 756 695 657 613 656 618 579 606
 538 562 573 579 616 658 679 616 644 726 754 685 728 778 748 710 700 651 659 638 589 650 694 545 486 596 783
 541 640 732 769 782 741 720 728 735 710 727 737 698 718 661 639 627 652 597 539 695 709 498 462 558 739 712
 625 602 630 674 724 746 733 694 675 768 703 637 646 658 656 620 570 548 534 590 594 481 440 546 729 643 486
 594 646 702 699 675 656 703 761 734 672 608 627 660 660 602 536 492 619 677 503 430 427 491 609 493 449 410
 575 587 658 668 629 594 602 617 603 594 616 629 636 674 617 491 567 791 631 452 435 404 416 429 401 393 405
 570 589 587 575 556 555 580 599 602 611 622 619 637 658 619 479 506 624 683 599 433 512 517 428 435 495 470
 541 539 549 526 535 535 538 593 606 624 631 637 644 640 624 492 511 599 539 485 495 546 498 409 485 555 744
 562 550 553 558 542 547 571 605 651 675 672 640 636 614 592 498 496 537 548 551 541 534 467 428 547 679 938
 596 589 582 559 564 597 608 600 598 603 620 623 627 592 544 555 538 559 572 552 533 498 441 504 593 887 993
 601 600 580 557 554 547 580 591 607 603 599 617 635 626 604 614 613 606 610 585 569 477 521 584 697 931 939
 585 583 555 566 571 560 583 590 605 635 632 633 637 646 656 660 646 620 617 592 548 470 547 577 678 791 807
